For lists of size 3 after 100 tests the max operations are : 2

maximum argument is 1992147461 -770475250 -2141919328 

For lists of size 5 after 100 tests the max operations are : 9

maximum argument is 104808514 -460939575 -188578493 -1133224299 -796516267 

For lists of size 100 after 100 tests the max operations are : 657

maximum argument is 987418981 -58530238 1779046619 13138899 -1156651296 -1361837048 -308412007 -1116827863 384426307 -132985794 1011463038 660647174 783710911 1127835997 1278450351 -251544646 1592920465 -1581289140 -1111192665 -745880087 1614212345 -841280361 -1690401850 394288399 2030269013 860686963 115038227 828294556 -1955018952 -1504008017 541984229 1944261389 -452970518 -925068602 797921551 2088656825 -744646148 1675435642 -1133594491 -1841638209 -1550830431 -978311853 -377578922 -59509351 1958735410 1662901809 797080339 -1472674442 1391646217 -1429827264 1961716002 192594230 -2073398976 2106817111 -630683825 -421164616 -1453542481 1033179470 -2024727336 1638753533 756358272 -1399221820 1095123104 -648260212 -25364717 -33966935 -195873001 220403056 -793808939 -1994366081 1671918752 -2121997635 -256694557 2004877905 -606224524 -1877587288 1252710856 1379860805 -431219532 -1584851016 -2054035496 527146404 1801747873 1163181296 1749905057 -454387273 2040518230 -636045089 -887302097 787480345 -676499987 -1319794121 -1562972076 -633146084 1671120945 1694676050 1133122818 1045914676 1891972435 -1775602927 

For lists of size 500 after 20 tests the max operations are : 5789

maximum argument is -569428080 -96517568 284818551 406921356 -1851727538 -1742146157 -1537326223 -661857418 1358201700 -1014144750 1994577546 322785039 -700029016 -1549989601 67681704 339458861 -1018193710 932802009 1042715832 1176512932 -2084562570 317540095 1907093042 -505348485 -1661323285 1420848608 -776806353 -566103926 68371090 -214671340 -602681973 733560783 940406209 -1426060723 -1295580152 1697200302 1009105137 75090106 -216024917 767056271 1843981970 -648712349 846488009 -1228652531 -280309410 -2142335366 1833548719 458921969 -1049594894 -1042765838 1994319546 -314172383 154443499 -1271862631 -531737114 -1759633378 -1021182945 -624756807 -1577369160 -801764384 -868388727 -1092822923 1642982541 -1440532546 1476096549 701089604 -1899796700 1878561277 396798776 1174733211 491247743 635528855 1460205280 397069668 716051957 1643974574 1774339432 -2034854944 -323399838 -605264908 1656443032 -120919262 1060328780 -2004726970 -1538565944 287786658 473308607 1316921041 1628326541 -2097132346 1596910709 1164134645 -616478254 122847515 -2103846381 1800720806 -1366392045 -994661020 1487865108 -1005084978 486812897 189734279 1941061752 -451803070 -1036468771 227205045 262118155 421447777 -701709448 2105994405 625100107 242730864 -100596415 -1189701623 -226067731 -1088761845 -988706930 694409999 -1463008881 -497158419 -797240655 -113534477 1899853513 1193946295 -916967626 -959105684 1952724763 -137740994 1474043214 324030462 1568374550 574397409 1717536396 384930303 -1614523646 601477248 1624950131 1963023514 -1955461213 -568320806 -1246251165 -2056969236 1492064101 -1638856235 421875990 -1569739280 1933234973 -415313794 145969788 -880249687 211612425 -1262028397 -751452970 -820900955 1725344694 1698216447 -1773535318 1869537897 -718076404 662150088 -1741126510 -339280512 1755318210 597394416 -1576630713 977758981 -1356217748 1433511815 1027176756 -464342493 742031565 2078725147 198564443 -1189590253 -1080193670 311495672 1935780801 1328310707 -1451540448 -1062239485 -1759269136 186571302 -435429905 850129109 2144857345 207702292 899598318 1698416372 422151797 2076682866 220993034 431531734 677252651 189027134 -1695477636 911877932 1831643286 474196980 -195417961 -589748390 1947240839 1590276062 -879216736 -1420070391 1529919085 -1620972626 1401304043 1188230510 242426250 1823142351 -1544754507 131564389 740333248 -1129362544 -86008477 1572479530 -790962713 -1121905991 -1279015120 -1696831199 -348129343 1642076318 129064993 -474786500 -1128193933 -329135890 -1498398762 1017793268 -1819773014 -1477845611 1314061769 1959524962 -372388751 1093344302 202591074 471454461 -2085780961 -728714439 689428502 -623599396 1738406624 996596149 2140012057 33395700 -441940241 -429840648 -502081412 -89570047 -858066719 1343086851 1027908803 1372072083 1547514929 -2099437135 -880064779 19219214 1852460591 -1259758438 55435310 -1245254543 -1098885241 -1966687388 1156719380 1100610644 -268391800 -361284669 1104652885 -1649214555 129206431 957333461 -850057082 -932820712 202417375 -1275264909 -859876319 -2066940681 -641325410 854129332 1990951862 -1293937877 -1850092018 1948732117 -544127341 -639030913 -1178851284 -864401737 1201541697 34620456 -1262023538 1417218928 1903398305 -1312301371 -281280022 -1392204879 -2004908 -1117552063 1462417430 -2121056109 1458172032 148228952 960718448 -1104706849 489640396 -1825327032 474430223 -2097082601 879698777 -398043050 -1332480804 -111666574 -1132813432 104077678 -1183697613 2070502754 219659300 590802100 889430693 574873159 1875624753 -1703154303 -1036514556 516746249 -1458894987 299194064 -85690706 -54755449 1513214447 207934660 -1063552999 1653333360 -499160571 -1982273925 -1942760358 -51096954 294052009 1566728706 608997198 1825845652 -841694304 1054994725 39778061 -130535448 1982804206 -1472065304 -109672749 -837424997 820422257 624841512 -26275317 1293899417 -398899664 -759522122 -771013453 1317854605 234698450 54209343 -1357903476 -607442737 115892586 1455324704 -258924742 215520522 -1473220528 157911461 -660151096 -414654976 -497001745 1520098318 -1702372138 -1874329011 1855992020 860682929 -741915498 1001176042 -1069396358 57272931 1828932779 816542592 1063373213 1523261801 141044475 -1528669347 -237068552 -807566271 961674855 -1072440970 -626811481 -1946742022 1577521494 1130926911 -1882478258 1327437890 -1178915699 1849310709 1322450389 -1665911709 2019681047 1394544220 -1310324552 -803206668 2131356013 -167854381 -1817470244 -211796200 -1549814424 -487189950 -821120276 64635942 802007521 1561071946 -523594319 795589180 -1134338101 2147025577 -717834138 492538109 643765702 156503454 834255152 387741756 -1546134537 -207451926 -743276438 -1241534949 1557676077 1018031909 1266832809 854460658 2017529642 -605368572 428917421 1420732484 1068866858 -216742794 -1726602481 -338140063 -2015426776 -300430982 -1385628816 -1798008442 289408553 -1770782450 1514980167 -965095537 -512961992 1012609494 -1156783251 1388746087 202913601 -1233508525 517768573 889829558 -835327879 -1673648636 1241057231 751529574 1827382494 1998688708 -1629019262 -1102660928 1470729117 528814891 -1031201605 -553731738 178353066 1860147677 1567097934 -33792106 -1648210905 1152999723 1176747736 -931742092 -1031735270 1569871781 -1421832477 -1081905912 -1818059243 229232620 2018089439 -1432367100 -628081029 -117420653 276839880 1482107378 -2093813393 1986797345 -524088115 -252327230 -317584182 -1339454970 -2050703235 1147499078 634106810 1738043431 -2117470583 -1195674385 810671942 2087451668 -1582039461 521064766 

